*Parameter
C10=0.607836
D=1.000000e-02
k1=10.000000
k2=80.000000
kappa=0.200000
