*Parameter
C10=0.057750
D=1.000000e-02
k1=10.500000
k2=84.000000
kappa=0.200000
