*Parameter
C10=0.031334
D=1.000000e-02
k1=20.792535
k2=64.772566
kappa=0.200000
